122

61666666, 61666616. 116661666666661 :gaffol s. 48.

6166616, 661. 6166116.

atrax, 6166666.

61666661, ιιι. 6161666 6161616 6. 23.

6166666166, 16166616, 666666661166 6. 29.

streppelsterte‚ 6166 ,16666611616661 Vgl. Br. wb. IV, 16611
strupo ε 166366166666666666 (11666 6. 51.

61666-616666, 6., 6661161166 6. 49.

61616661. 616166.

61ιί1661666, m streichstock.
strijcken, (166666166161166, 6666 Oud 11,63161611666; lange gaans 36.
61666, 6. 61666.

6166666611,66116166661661616.6661). IV, 1070 61611166, 616166. 36.
616666, 661. 6166616.

6166666, 16 ordnung 11616666, zurechtsetzen 6. 40.

6166666, 616. 6166666.

616666, 6. 611166.

61616, 616616, 666. 616 6611116611.

616616666616, 61661, 616111. 0666116111) 61661666666666616616. 16.

616666, m. eine 616166 6111666, 20 661 1 rhein. gulden s. 30.
suet, 16666, 66616 6. 51.

6666, 666666, m. 666666.

6666, 66166,6ι11.66161ι.

6611631. 6611. ’

summe, 1. summo.

6666661116, 6666661166.

66616661, f. gesundheit.

6661, 6611 s. 44.

66616 vgl. sente.

66666, 616. 666166.

666, 666616. 19, 22.

suverlijck, 66666611166,1616.

6666, 661. 66666, 3616661161. 666 : breedte.
66661, 66116666.

6661666, 616, 6611661666, 6616166666 6. 31.
6666666, f. peitsche.

6666166, 6666611666.

66116666, 6611661666.

 

