111111,11. 31111111, 111111.

ι1111,11.

1111111111, 1. 1111, 11 1111111111111111 31111111 werden 213.
7111111111,11. 111111111 223, 227.

’ 111, 1. 311111.

111111,1131111111217. , ¹

venen, 11111111 (patron 313111111111111111111),111 1111111111,
„by velte schlyeren“? 231.

1111111111. 11111111 216.

1111111111, 11111111111. 81111111 IV, 126 111111111.

11111111311, 1111111111 11111111 111 11111111311 111113111 ver·
11111217.

111111111111111111311. 8111111 IV, 308 11 113111 1111111111
1111131, 1111111111 11111 11111111 212.

11111111113, 11111111111111111, 113111111.

1111111111, 11111111111111111,11113111111111 209.

11131 11131, 1131111111111131. Ι)111111111111.17111111111. 1, 584
nd. 11 111311 1113111, pedissequa 217, 235.

1111111111, 1111111111111.

11111111, 11111111111.

111113, m. 1111111210.

11111111, 11111111 226.

11111, 1. dee 111111.

11111, 1111111113.
1111111111, 1111111111111. 1111111111111111111111 man im 1111111-

1113111111 wohl einen 1111111111 227.

11111111, adj. 11111227. 81111111 IV, 333. 111111111111111131111
111 1111111113.

11111311, adv. sehr.

1111111 weh! 1111111

“ 1111111111,111113111111111 231.

11111131, 1. 1111111, 111111.
11111111, 3111 1111, 1111111111 (11111111 IV, 340), 111111. 1111- ,

1111111111 111111111111111, 11111 111111 31111 213.
11111, 1111111, wieder 1. 229. 8111111117, 847.
1111311131ζ 1. dee 3131111111 213.

1111111, 1111111 221.
1111113, 1111113, 113113 237, 3111111 IV, 349; welich‚ 11111212.

 

