257

61616, sum. 6611666611666666 6616666316611616166. 86111166 111, 215,
Richcy 187. Β611666661663 6. 1666661663 6. 294 61616, 6611666.

’ 61116, 1. 616 6616116661 ,,(16116661116.“ 1166 ausdruck 61161 161 Schhtzc

111, 219 11. Richcy 187. Auch 6661161661 (16 61116, 616116, du
taugcnichts. Vcn 61116, 66361· 6166161, 66161166, 66111666 666116 210.

611616, m. 16 11166166 Gribbcrt durch ,,1666ι661116631“. 11661
Dc Bo 6. 1333 1616166336 6616163361 1616, 6616116, 166. 66116666,
wozu 1666 1663161616Β6. uh· 666 61663 uun 66616611,Κ11166
6163316, 6116 61116 uud 1611. 61113, 16636616116 239.

6161666 16 dc 361116, 616 6616116661 216.

616666, 666166, 1166 ,,666161666“ (6166 66116661) 1611. 6161666,
61111666 226.

6161616 put, 66.666111ο61230; 661166 61611 wic Β66666 66 166666-
1613 86 6161111, von 6661, 61611, scudem zu 61161166, 6111661666.

6616 vics 1161661661 1111616166 fur 1111611661 210.

6616166, 616666, Richey 194 61166166, 161 [1661661663 16611·
166 89.

66616, 6. 666166. 8661 16611. 666616 220.

66616616166616, 61. 6166366, 666 11616166 dus 16111166 gemacht
ist 211.

6616 66116 16661212.

6666166, 66611366.

6611666, 6611666.

6611661666, f. Als schcltwcrt. Wcstf. 66111666,161113666166 210.

6666111116, 6166616611611, die 6161166361, 1666661111. Wcig. 11, 375.

66666616. 666666, 61661611 227.

pust 6666, 6. 66611616 232.

66111616116, 1. 6666166166 231.

61166166, 6616166 236.

661616616,666116616 211.

66636, 6111. 31661311. 666313161 Gotho.

rodurn, 6666616, mhd. 6111666, 6111616, 66161161. riddcrn.

6666, reden 235.

666, cdv. 1) 3116611611, 2) 61616111 211.

6661166, cdv. recht 215.

rcccklich‚ 61166, 161611 zu berechucn.

11611,6666666666166 215.

661666, f. 66166 62.

&munchen

 

