251

11111, 1111 1111111111 111111. 8111111 Ι, 324 11111, 111. ΙΙΙ, 21211111
1111111 1111111111 230. ’ ’

1111111111, m. bernstein? 224.

Frantzosen, 1111111111. 11111111 1. 1. 1111111111. 1111111111-
111111111111111111111111 111111111, 1111 11111111111131. Der
ausdruck 1111 1111111111113 111111 simplicissimus 230.

srycken, adv. 111111, 111111 11.

fullo, 11 fullo hant? 236.

11111111, 1111111111111111236.

1111, m. 1111,,1111111 11111“ 211.

(11111111, 1111111111.

311, 111311, 1111 212.

311 1111, (1111111.

31111, von 3111, gar, 311. 11111. 111. 233.

31111,3111212.

31111111, 1111111111 11111111 111. 311111111, 31111111, 111113 111
3111113 222.

3111111111, 111113.

(111111111111, 1111111111111 211.

3111111111111, 1. 3111111111111214.

3111, 311111. 81111111 31111 ΙΙ, 13.

31111111, 1111111111. 31111112, 4131111111, 1111111111111
1111112311. ·

311, 1. 111. 1111311, 11111111 220.

31111, 311111.

31111113111, 1111 111 3111111111, 57 3131131111 17111111. 311
111311214.

311111, m. 111- 111111111111311. 3111111111, 62. 1111111131, 304
311111217.

(11111111111, name 238.

Grumpel, 11111 227.

3111111111. 3111217.

11111,1. die 1111, 1111131113, 1711111 241 1111111, 3111111Π, 32
1111111 31111 219.

1131111111 1111111229.

1111111111, 3111111111111111, 11111111. 1111111169, ,1311111111 238.

11111, 1111111, f. 11111.

11111111, 1111111111 237.

 

