85

6166166 666-161666. 16666666 66 6666666 1166 27; 6666616661ἰῇ 15. 661
mik 66 11611616 Ram 61 66661166 1661 42, 666 661 661 du 6666 6666
bist 16, 6666166616 66166 (166616, 6666 666 P. 666 66666 14, 11661166
47 ; 66 6666161666 Ρ6616666 Η6666 66666 43, 666 1666666666 daur num·
6666 6666 inne 15, 666 666 6666 6661 tho 19, 166 6661 6666 61616 tho,
61166 66 1166 66 66611 16, 66 616 861666 166666 666 66116 116666 66 33,
6166166, 666 1616 6611666 166666 666 66666 1166666166161 1661616 40.

6 74. 11661116. Da 666 666. 16 666 66661 666616 616 6666. 666
mit dem 661. 6. 666. 66661616166, 661666666 616 66616666666 666. 66-
sundere 6661666666 16 666 6661166666 s. 50, 66 666 6666 6666166 17,
6116666161616 6166 666666 28, 661166 66111661166 36, 66116 611666
menschen 166666 16 166666 15, 66611116 = 16111666; 6661166 6666166 haste
666 666 6666661116166 1166 666166 17, 66 666661666 6666666 66666666
6641, 6661661166 42, 661 661666 33, 16111616 6666666 31, 66161666
6611666 35, 66116 666666, 16 66116 66116166 661666 16, 666166666 1661166
1166666616 66166 50, he is 6666 66666616166 66116666 1661661629,
66 666 1666666 wille 22.

5 75. 116116. 1. 1166 1161161661 66616666 66661166 666 66166666
19, hei 16666161 666 41, ik 666616 6616661666 661 19, 166666 66 66 20,

666 166661 6666666 50, 1666161666 611666 661166 25, hei 166 666
6616666 16666131.

II. 1166 66116 666 6666661116666 6161666616 6) 661 66616666 666
’ 66666 661666 6166166 22, quam 666 66666 29, 666 1616616611 46; 166666
6616166 666 66616166 661616 32; by: 16 666 66661 6. 661. by 666 66166 19,
by 61666 1666666 666145, 32, hym 166666 6611666 17, ik enthijl 6116666
1666611666 34, by 66, 61616 1666666666 17, 14, 16666 6661166666 213 6616

666 16666 commen 19, 66666 61666 1666666 48, 666 666 66666 61666 17 ,
166 666166 666 dem 616116 66166 16, 666 666 666666 666166 20, 666
6666 61666 16666666, 6661661666 666 666 6611 missen krijgen 33, sabbe·
666 661616 vorm 66616617. 64661616 666 66 166661 hebben 17 , 40, 45 161
66116 6666661666 (66 = 666). 16 steht mit 6666 66116, 6666611666
6166 666. 16 16666666 1611166, 16166666 drijven 33, 37, 47, 6611161616
im 1661166 66666 19, im 166666 61666 22, 61 6166161 661616 im 166666 37 ,
1611166 666666 15, 6616666 66166666 19, 66 1666616 6161616666 66166
61666666 22ς 16666666 im 66616166 66666 35, 16 6166632, 16 6166636,
166666 22, 33, 42, 16661666 im koppe 41,166666 26, 34, 66 1661661 (11611
, 16 6611666 43, 16 16616166 66666666 17, 16 116666 661161 43, 6661166116 im
666666 27, im 1616666666 21, im eyrso wijsen 26. met: 6661 66666

 

