111

1111, 1011 = 1101 (1111111111 1111), 1111111111 = 1111111111, 11111111
mollimen, 11111 .-.· 1111, 1111111111 = 11111111111, 111 = 111, 11111
== 1111111, 1011 = 11111·

1111111111 11 1, a: (1111ε 1111, 1111111 = 1111111111, 11011111
= 111111, 1111111111. 1111111. Ζ1 1, b: 1111111 -411111111111111111
2121111111111111 ε11111111111, hei z: 11, dei = (111, 1111 = geht,
11111ε11111

1 25. 3) 11 (11111 1111111111 111111);111.11, 11111111111.
11, 1111111111 11, Ρ11111ο1111, bei (11111111 (111111111111111) 11, 11,
1111111111111 (1111111111) 111111110111 (1111111111) 1, 11, 11. 1111111
3110111, 101111 = ((11 hilde, (111 = dir (10111 11111) 11 = ihr 11111
1111111110111111ε 11111111 (1111. 1111111), 1111111 = 1111101. ,

111111111111111111111111 11 11 1111111111 ε11111111111, und
11111111, welches 1111111 11111 (1111 1111111111, 11111101. ’

1 26. 4) 01, 11 1111111111111111111111111111 11 in: 111 = ihr,
11111, 111110 -.-11111, 1111111; 11111131111111, 1111 (10111 11111) =
1111, 111 11111111 = 1111111111, 1111 := 111111, 1111111111ε 111-
1111111.

1) 1111111111 11111111 11, 111 111. 111111111111111111111111.

eu.

127. 1)Ε111111111111.11,1111111,1111111111111ε
111. 01, 1111111111. 11 (1111111. 00: 111111 = 10111111,1111111
= 111111, 111111111 = 1111111111, 1111111 = 11111111, 111111 2.-
111111.

1 28. 2) 1111111111111111,10,11, 11 111111111111 11110111
11111(11111);11111, 1011 (11111) = 11111, 11011111 = 1111101, 1111111
(1111111) ·.-.· 110111, natur, 1111 (111, 1111) = hund, 111111 (1111101)
3111111, 11111113111111, 1111111, 111111111 ·.: 10111111, 11111
= 11111; 111111 (1111111) = 111111, wohl 11111 dem 11111111.
1111111111111 111111 11 diesen 1111111111, 11, ο1; 111. 1111, 1111111111 von
westfalon langen 1, 1.

11.

1 29. l) 11 1111111111111111. 11 11111 11 1111111 in: 1111,
1111111111111, 111111, 11111111 = 11111111111, 111110111 ε1111111111111.

1111111111, 111111 1. 1. f.
2) 11 1111 (111), 1111111 (wint), 1111 (11111, 11111111), 1111 (1111)

 

