121

1111111, ,,11111111111111“ mit 1111 111111111111111111, 1111,,11111“,
11111 1111111111 1111111111, 111111. 31.

111111111, 1111111111111. 48.

1111111111, 1. 11111111111.

111111111111,11111111111, 1. 52 1111111111 111111111 111111,
11181111111111, 0111111. Woord. 1111111111, 1111111 111111. 41.

11111111111,11. (111. 51.

11111-11111,1. 1111111111 1111111111 1. 48.

111111111111, 1111. 111111111111111.

11111111111, 1. 1111111111111.

11111111111111. 48.

11111111111, 111. 1111111.

1111111, 111. sterben.

stennon (?) pl. 1111111 (111. 1111. 11111) 1. 30.

stannig, adj. 1111111181. 11. 1v, 1084 111111, 11111111 1111111-
stamen verlnngen hegen, 11111. 11. 111111111 111, 11111111111. 50.

11111111, 11111111, 111. 1111111111.

111111, 1. 1111111 20, pl. 1111111. 39, 15.

1111111111, 11111111, 1111111111 vom 111111.

11111-1111111,1. 11111 11111111 1111. 81111111. 11111111 11111 (230)
0111111. (Η)11111111111111. 1111111 129 11111111, 111111. 51.

1111111, 11111 1111111.

1111·111,111.11111.

111111, 1111, 111. 11111, doch 1. 30.
111111111111, 1. 1111111111, 1111111111 11111111, 11111111.
811111 1111 11111111111111111 11111 11111111 s. 40.
8111111, christophorus. 11111111 111111, 11111113111111111 Π, 115
setzte 1111 sein 11111111 nn 111 1111111 111 1111111 111 kirchen.
Ein christophorus steht im dom 11 11111111 1. 15.

8111111111, 1. 1. 21.

1111111, 1111111.

111111, m. 111111; 111111, 1111111111 (111 1111111111 111111) 111 1111111-
11111 unbekannt, 1111 1111 11111111111111111111111 1111111111
111 1111111111 (1111 wellen) 1111111111. 31.

1111111, 1111. historias. 29. .

1111111 11111, 111111111111. 1111. 11111, 4161. 32.

81111111111, 11111,,11111 1111111“.

11111111, 11]. 1111111111 (1111. 111111111) 1. 41.

 

