100,10,100,100,10.

1001,0101 10011.

1ο33011,1011301.

1031011, 101101.

10111011,1001011. .

done, adj. 11101101.

1010103001,1010100001.

1011, 1011, 1001,1.11111, ,1011100101 11011011* 131. 111,,Ρο101
11011·ι 101 0011110111 1011100111 der 1111Ιο 0. 14.

101, 10110, 101,011.,1011.

1011100001, adj. 1011111013.

ἱ1011111,111111111.

101111131031, f. dummheit.

dohn, 10111, 11100, geben.

1011110, 1110110, adj.2 013. ,,30ορ011111“, 1111011011.

1011110011 0, pl„ 1110011011 0. 34.

10111, 131. 101,-111110011.

10111, 1011, durch.

101110,οπ1111011.

101ρ,11.1011.

1ο101,1., 10101.

1101011311, 011.,11110113.

1103301, 011.,110300.

1103301, m. 1111301.

1101011,1101101.

110011,111.110011

11031,ω.1110011,11110110.1510.

110110113,011.0011111011130. 14.

Drios, 111010, 11111000 0. 17, 43.

1111001100, 1111100111 von Drios s. 43.

11111,1.0011001.

1111111011, 011, trinken„

111110,0111.1101101110.33.

0111101101100,11001101100. 19 0. 44.

11111011, 011. 000010 0. 20.

drijthues,n. 0110110. 49..

1111100, 011. 11011101.

droun, 111. 1101110100 1011010 0. 20. ,

 

