253

11111,1.1111215. .
11111,1. 11111111111111111230. 3111111Π, 167. y
1111111111 lyve 211, 11111111111111111 1111111111 aus 11111111

1111111111, Β111111111 1111111111 Π, 51.
1111, m. hund 211.

111111,1. 11111.

11,1111111 238.

1111111,1111111111(11111111), 1111 ,1111111111 1111111 226.

111, 1111111.

ys myn dage, jemals 1111111 tage.

1111, 111 1111 dem 111111 212.

311111, 11111 11111111 226.

J asper, 1111111 237.

1131111111, 111111111111.

111111, ,1111 1111111, 1111111111 111. 111-11111111111 232.

111111, 1. 111 1111111111 11 11111 magd, 111 11111111 213 111111
111111, 111 81111111, 210 111Κ11111, 111111111111, wie 111
Hagel. Eigentlich 1111111 topf. 17111141 1. 237.

1111111, 11111111. 11111 1111111111111, 11111111 1111111111 111111.
sprf. 111, 68,1. 226. ’

111111, 1. 1111111111.

111111111111, (111111111) 1111111111, 111 dem 11111111 235.

Κ11111, Christian 233.

1111,1.11111.

11111, m. 11 1111111111 212.

11111111. 11111111111111. 11111111 251. 1111. 11. IV, 513 111111,
111111, 11111111, 11111111 215.

111111,1. 11111, 11111 226, 239.

1111111, trinken 210.

1111, m. hosensohlitz.

11111-11111,11. 8111111 Π, 252 111111 11111 111 Η11111111ε
11111111 11111111 1111111111 225.

11111 11 1111111,111111111111111219 1. 1.

1111111111, n. 111111111111111 242.

. klatterig‚lumpig. '

111111, Sunter 01111, 1) 111 111111111111111 227 , 2) 111 111111
der Nicolaikirche in Hamburg 231.

1111111, 1111111 238. 3111111 Π, 274.

 

