98

(10300, (10000. 23.
300030, 1. was jemand 0001011, ihm 010100011101. 1011101001ιο

,,Ρο01003“. 1111. 121 3011103110, voluptas, convenientia. Oud.
11, 333 0. 22.

3001, 3003.
30010, ganz.
301, 0. 10011, 3013031101, 1001310113 0. 41.

, 300000,3000(100,ιο.301100.

gaus, 1. 3000.

30000001101,1. 3100010001.

3010111 jk, 3010111011.

3011300, 3011011100, 3011300, pte. 00 0011011 01101 3011. : 000 00110 mir
30110300 0. 19.

3030131, gierig.

30110030113, adj. voll von 11003010, 1101000 (1001101100 s. 27.

301001, 0. 0001300000000010110. 23.

3010030, 110111 zu 3010011.

3010300, 10 01 sau 3. ε110300 1110 0001100 00. 131. 3010300, be-
schaffen [0000010130. 279.

301033001011, 1. 301030011011.

301113,110(1130011. 11, 457 s. 42.

3011,013011,003111.

(1011111001, n. (10110000. 35.

301001, 31001, 0. 311101.

3001001, 0., 3001011011011.

3001030, 3000101101.

3000, f. 3001100. 36.

30000, dorthin.

· 3000031,3000031ι,30003.

3010111100, 30111100.

3001030 131. 1110300030.

3003101010. 10101.

30000000033011, mit 00030000001001 010100.
300100, dat. pl. von 3001, gast.

30110 ped, dreizipfelig.

30101100, 30101100.

30000, 010, geben.

 

