' 199

1111111111,11. stange 190.

8111111111, 1111111111, wohl von 1111111111, 111111111111111 188.

11111111111, 111111111111111. Das zu 111111 1111111111 11111111 malz
1111111111 11 1111 1111111111 11111 ,,1111111“, 111111111111 1111111111-
polt, der brantopf 179.

11111111, 1111111111 192.

8113111111, 1111111111111.

81111111-1111111, 111. 1111111111111, 111111111111111111 11110111.
VI, 370.

smuezerigh, 111. ingrimmig 179.

suar, muger, 111111. 1111, (1111 180.
111111, 111,, 111111111 da.

spechtig, spitz 182.

spuen,spu1en 187. ·

spueht‚ 1111. 1111111111111111111 179.
11111111, m. 1111111111111, 1111 ,11111111 186.
1111111, 1. sorge 190.

Ζ111111, 81111, 8111111111.

111111, 11111,11111111111 192.
1111111111, 1111111111 185.

11111111, n. 111 zugehorige zeug 189.
111111 trans. 1111111111 186.

1111 still! 190.

111,1111,1111. sing. 1791. 11.

1111111,111. iltis. 1111 01111111111111111111. 111, 712 1111 185.
11111111111, 111111111111111 186.
11111111111, 1111111111111 190.

111111, f. 11111 189.

1111, 1111, 1111111111111111111111193.
wanno 1111 111111 111111111111113 191.
1111,111.111111,11111 186.
1111111111111, 1111111 181.
1111,1.111111111 186.

1111 gy, 11111111 ihr? 192.

 

