1551551, adv. 15151515.
1111155515515151155111.

1155, 111511, 5555155111511.

lijen, 1511155, by (11555 111551

151555, glauben.

15551155, 1155155515 5. 144131. 5. 51.
luyt‚ 5. pl. 155, 1111551155.

1511551155, 1151555555.

1151151551, 1555151155.

15111511, 515 1., 515 115515.

51511515, 515 111, 515 mals. 142.

mange, inzwischen 5. 153.

515, moy, 5155115551.Δ
5155355,515.,55515515. 151, 157.

mes, n. messer.

1515115, 1. 5151511515.

moer, f. mutter, by de moer (15551 5. 155.
moer, 1. (155 1555115551 5. 142.

moey, adj. 551155 5. 149.
51551511,15.5551.

51555551, 51. 5551551551.

1555115155, 1555511115, Τ5115511. Kindelbehr 1662141: Besems. 147.
name, by 555155,115555115155. 141.
551, 55115. 150.

55155, 1151551.

1155151111, 515111.

55515, 51. 11151515.

55115155 55515511,15.555511115155. 140.
551155, 1115151555 5. 148.

5511515511, 5511555, 5111, 5551555155115. 141.
51155115, 551115 s. 160.

5555, 5555, 55551.

551515 155555,11155111151155111111155. 141.

555555, f. 115551.

5551155, 1551151155.

555555, 11115555. .

5551515, 1111515511 (1151158521 51515155, 515355, 151555. Η151,,115155“
Overijs. (1115515151511, gallum 5115551555 5. 142.

 

