204

11116116 1712 (17) 6166116116 1661161161 11 1611111611166
161166 611 lustspiel in 8 auIzhgen ,,11166166611116116Β(111611“, welches
611611611166111166611611611611 noch 61166161 1790 111 1800 161
P. L. 116116 611 1820 611661161161 durch wassenbergh 161 161-
6161616161 16116. Η6116116116 161 im 9 16116 166 Vrijen Fries
6. 317 ff. nachgewiesen, dass von diesem chgehlich hiesischen 166611-
611616 661 VI bis VIII eine ubersetzung von 16166161 11111611611161.
11666 661 IbisV ubersetzung 161,,Τ61661(61 Η6611111“ 161, 1661611611
Ι16111111166161 1116116 (161 161661 sicher 11611 1611 0660616161
6166111611 161 1661 6161 1687 6111611161 161), 1611611116 61
11611, 161161 611611 1161611161 (1116116 166816116111116, (166 611616
161 161666161 Κ111611611111 16611161611161116, welche dem
18 16111111611 611616161.

116 durch 6116 611 6611166166 Hcmhurger 1166166 1611111616 61-
61116616 61166 publikum 616611161161166161111111, 1666 11661 61161(
11111161 6111611111 worden ist, 66 1111 66116 6116161611 166161616
61111616116 161 1640 hegen 1161161, 1611 111611 166111661161116616
161 1640 11161 1161 116 61616616161616111611.

116666116 161 6116 611 166116611661161. 11 11666 1611 166 161166 1111
11616111111161611,Δ 1611 66 im 26111616 16161ι 11611 16 mich 161
, 611611 Η6161 11111661 16 1611 7661616161. 161 61161 1661166116116661
1111 6116611611, 1611 16166161 111 1 6111616 sagt: gistern 16 my
666 116611 16116116 16 61616. 1111 11616166 scene 61166161 1611
6611611618166116 61116166161 (1111611611 16161611 116166116611, 11
1616161 1161 1661 161616116616161116 ,16111661161616 Η6161 161 1611
’ 611166.“· Vgl. 1161161666611.1610111161661616. 95.

Gleichzeitig steht 116611 161 166661, 66 161Τ6166616111661-
11611 161611, 1111161 1611616161161161 11611666166161 611661616116161
16611611661611161161 ih verbindung.

Im 2 6611116161161666161Η6611161 116161 161666161 1611
6611611161 Β166116 61161 1611 616 1666111611. 1111 116661 66616 161-
1161616 11610611116161111611611 . . . Damonis und Pythiae 111161-
661611 16161 ... Fr. Omichius‚ 661116616161 zu Gustrow. Roshock·

1578, 8⁰. 61131166111111616ε
’ 1161116161116111611161661111 16161161, 61 66116 11 61161 166116-
66616 6116 11116611111161161161111161161. Er 161161 6161 61 611161
661161161, 161 11616116 ,,1(6116166161(6“ 6116611611 soll. 061661161161,
hochdcutsch 161611, 1611611161161161166111611. 1161 16661 111111

 

