249

01011, 1111 01011, 1111 010111 227.
brooch, f. 0011.

· 01111, 1. (111101111111, 0111 (1111111311 212.

011111, 31011, 011310, 230, 241.
01111 01011, myn 01011 muse, 111 1110101103. 1110 3111101, 1011111

1111110 011111 3101111101111011011111111011 (1111011 169) 214.
0111111, m. 1) 3110010111, 2) ,0011101111 228.
0111110, 1111131111, 11100110 213.
00111 1111, 1110311111 220.
Β111110, 111111311111, 111101 10 Η1110013 (1111011 401; Βο1111 -

1111 Β11111111) 231.

1100111111, m. von 0001110, 001010,11011311 210. .

01001110 1111101110, 0011101111 des 311101110111101011111 229.

011110, m. 00110. 101011111001131, 105 0011111 0011 0101111
011111, 1. 214.

0111111. 0111111 011111, 0111000111. 1111110113 290 1011111001, milch·
11011213.

11110, gegeben.

(1111, 0. (1111001.

1111310, adv. 1111110113 226.

(11110,1. (1110110100010.

dicht un (11311, 3101111110. 81011111 1, 215.

11οο 10111101 131101110.

dost, 3111011. Ι

00011, 1000110111111Η1010113 11001 0100 1111 (1001111101, 10011111
01110111 1010 den 3 113110111100110110 der (1001010131-
011110101011111111111. 81001111, 229. 11110110111111 (1111
1111110 011110 111111011, 111111111110111110 229.

1111οο11111, 1010100101 220.

1)11111,11(11111. 81011111, 253.

(11111103, 11101. (11111103101110. 111 110.) 225.

(1101110111,1. 01111010111. ’

11100011, m. 1111101111011, 100 (1111011, 111111111111. 1111011 44.

1110111, m. 110111 225.

(1100110111, 111 1101111011 100 1110010, 1103111113 1101111110
und 1101111, 1111111101 213.

(11031 0111, 1103110111. 1111011 44 0111010011 213.

01011111, 0111101 oder Drudgerd, Drudhild:

 

