305

111. 3052 0111111]1111111. 35151111]11111111. 3535 1111111111
111. 001101Ρ1111111111111. 359511111111111111111111. 3859

Petro 11. 3891111111111111. 4117111111111111111. 429181111111
11. 4344 111 (111 111111 11111111 1111151111111, 181. 111 v. 6071.
00011ΧΧ17111111. 4398 1111111111. 4421 111111111111111111111
111. 4424111811111. 44281111111111. 0ch qua] quem 11.
454511110111111. 454711111811. 456011111811. 4737
1111111 11111. 111 111111111. 4826 1111111111. 4831 1111111]
1111111111. 4849 1111111111. 1101] 1111111111. 4902 1111111111.
0000111 11811111. 5023111]1111111. 5045 81111111111. 5086
1111111. 5089 11111111111.11111111 11. 111111111181111.
515911111]1111111. 0000111711 11111111 11. 5197 1711111111 111.
5209 1111111111111111111111. 5209 11111111 11. ’ 52131111] 11111
hs. 1111 nummum-11 hs. 5190111111111. 5393 1111111111.
0000111111 1111111111 11. 0000111111 111 11111 mal 11111111 11.
5646 8111111111 11. 5667 81118 11. 5696 9711 1111111 [1111111]
1111111 111111 5712 ff. vgl. 111 111111 111111111111 arbor 1111 111.
1111111111 0111111111 11111 omnes 1111111111111, Thesaurus hym·
1111811. 160; 11111111 101. 5767 11118111111111111. 5903
1111111111 111. 5924 811] 811811. 0000111 181. 11. 1111111111
LXVII. 6009 11111111. 6049 11111111. 0000111111111]11115

111. 111111811111]1111118111111. 610811111111111. 6120
1111111111.

 

