197

GeirtJGerhard.

0010010110 1111111110 (1000 184 vgl. (1011101111 180; 9001001 Ηο11
194 (10111 11111011 184, (10000011 1110111 193; 10110 110011 188.

10110, 1. 1001011010 10110, 101001111101100 0011110111 185.

1011011, 1110111011

111011, 1010101101101111 184.

(110110, 1101101010.

(10000011, 80011111, 810111, [1000101101 130.

11001011,1100010,110001, 01101111 187, 190.

11010011, 11011011.

110111,11.1. f. 1100111 193.

1101111,1. pl. 1011001110, 110111. 11001111100110010111111,,11011“ 101111- ’
1101111011 182. ’

1110111111, Heinrich.

1100, wie? 184.

11001011,110111111011 189.

11011111, m. hund. Α100011011110110. 181.

110110,,1011., zusammen 194. λ

11011011, m. winkel 183.

11101011, horon 181.

1001, 10 (10 01 :ja es) 192.

101011001101

10111111, 1. 11110011.

1011011, 1’ 1011011,1100 11101110 (kind) 190.

J 0101, 0110 10100110.

11011011,10(1011. 80111111111, 741 01100101110001 181 111.,

1011010101111111, von 11011011,111110111 und 01011, 0011110111. 182.

110111, pl. 1011101. 110011. 1101111011 199.

11101011, 0111101110111 188.

11101011, 0011011011 186.

1100,1.111.110000,1111110 189.

0011111110, m. (als 00110110) 1011110111, 11011. 1101110110 191.

1101101011. 11111111, 11110 190.

hijs-laedor, pl. kriegsleute 190.

11111110,1.11001110 179.

1111001101, 11111011011101101110110. 181. Vgl. 1111011011111100011011, 1111-
001101. 1111000011 1111110011 11111101οι1 : 0011011001 bei 8011101-
1110110308.

 

