172

00000,00ος00.

000110101100, pl. aig. 0010101100 0. 149.

0011001, 0. 00101000101. 0010010. 154.

000011110110001100.

0001, 0000001.

00000, 1. der 10001.

00000, adj. 00000001, 00110. 147.

0000, 00000 101 00, 100000, enge 110010, 0101. spat, 10ορ0.

0001000,1000000000010000, 00011001101,000000011000100100,
000110.

0101110000, 110 0100110000 s. 144.

011100,1., 20.

strijcken gahn, sich 000 dem 010010 0000100 0. 162.

, 0001, 00111000.

 

000 00, 1. vgl. soupe.

1100001000. 1001000100. 163.

00001000, pte„ 00001100110. 163.

1000001100, 0. 100001010100.

100000001100.

tenve, f. 11100110, hund.

teuven 1000000, 1110 00000001100. 11001 Ηο110010000, 0000110.
Woord. 100000100, 101100, 011000οἰ0 0010 0. 157.

1ο-1000100,0001000100.

1000010010, m. zaunstange.

1000100,1000100100. 148.

100110 1000010000, 1. 0101001100101100, und: 0001100011οἰηο
011100. Βο1 1000001000111, 2151001100011101110, 110000. 01. 11,
1163 u. 85110160, 011100 und 00001010110010 101 Lyra 10011 00
1110111000. Vou 10000. 1001000. Vgl. 0001 1100000 001100000-
berg 115 0. 140.

1001011111

10000100, m. 0010100, 0010100 0. 150.

0101, 11110, 0000600.

010100 00110,1.11110101100.148.

0001000, m. 00000 0001000 000100. 11001 De Βο, 1100101000001
10110110οο 759 101000010000001001000, die 1011110110 den 1101000
110 0οᾶ 100 100001 010 0100 0010, 00001000000, (10001111100.
Το0001. 11101011. 1662 1010000100 0. 144.’

 

